     52.00000000
     52.00000000
     51.00000000
     51.00000000
     50.00000000
     50.00000000
     49.00000000
     49.00000000
     48.00000000
     48.00000000
     47.00000000
     46.00000000
     46.00000000
     45.00000000
     45.00000000
     44.00000000
     43.00000000
     43.00000000
     42.00000000
     41.00000000
     41.00000000
     40.00000000
     39.00000000
     38.00000000
     38.00000000
     37.00000000
     36.00000000
     35.00000000
     34.00000000
     34.00000000
     33.00000000
     32.00000000
     31.00000000
     30.00000000
     29.00000000
     29.00000000
     28.00000000
     27.00000000
     26.00000000
     25.00000000
     24.00000000
     23.00000000
     22.00000000
     21.00000000
     20.00000000
     19.00000000
     18.00000000
     17.00000000
     16.00000000
     15.00000000
     14.00000000
     13.00000000
     12.00000000
     11.00000000
     10.00000000
      9.00000000
      8.00000000
      7.00000000
      6.00000000
      5.00000000
      4.00000000
      3.00000000
      2.00000000
      1.00000000
      0.00000000
     -1.00000000
     -2.00000000
     -3.00000000
     -4.00000000
     -5.00000000
     -6.00000000
     -7.00000000
     -9.00000000
    -10.00000000
    -11.00000000
    -12.00000000
    -13.00000000
    -14.00000000
    -16.00000000
    -17.00000000
    -18.00000000
    -19.00000000
    -20.00000000
    -21.00000000
    -23.00000000
    -24.00000000
    -25.00000000
    -26.00000000
    -27.00000000
    -28.00000000
    -30.00000000
    -31.00000000
    -32.00000000
    -33.00000000
    -34.00000000
    -36.00000000
    -37.00000000
    -38.00000000
    -39.00000000
    -40.00000000
    -42.00000000
    -43.00000000
    -44.00000000
    -45.00000000
    -46.00000000
    -47.00000000
    -49.00000000
    -50.00000000
    -51.00000000
    -52.00000000
    -53.00000000
    -54.00000000
    -55.00000000
    -57.00000000
    -58.00000000
    -59.00000000
    -60.00000000
    -61.00000000
    -62.00000000
    -63.00000000
    -64.00000000
    -66.00000000
    -67.00000000
    -68.00000000
    -69.00000000
    -70.00000000
    -71.00000000
    -72.00000000
    -73.00000000
    -74.00000000
    -75.00000000
    -76.00000000
    -77.00000000
    -78.00000000
    -79.00000000
    -80.00000000
    -81.00000000
    -82.00000000
    -83.00000000
    -84.00000000
    -85.00000000
    -86.00000000
    -86.00000000
    -87.00000000
    -88.00000000
    -89.00000000
    -90.00000000
    -91.00000000
    -92.00000000
    -92.00000000
    -93.00000000
    -94.00000000
    -95.00000000
    -96.00000000
    -96.00000000
    -97.00000000
    -98.00000000
    -98.00000000
    -99.00000000
   -100.00000000
   -100.00000000
   -101.00000000
   -102.00000000
   -102.00000000
   -103.00000000
   -103.00000000
   -104.00000000
   -105.00000000
   -105.00000000
   -106.00000000
   -106.00000000
   -107.00000000
   -107.00000000
   -107.00000000
   -108.00000000
   -108.00000000
   -109.00000000
   -109.00000000
   -109.00000000
   -110.00000000
   -110.00000000
   -110.00000000
   -111.00000000
   -111.00000000
   -111.00000000
   -111.00000000
   -112.00000000
   -112.00000000
   -112.00000000
   -112.00000000
   -112.00000000
   -112.00000000
   -112.00000000
   -112.00000000
   -112.00000000
   -112.00000000
   -112.00000000
   -112.00000000
   -112.00000000
   -112.00000000
   -112.00000000
   -112.00000000
   -112.00000000
   -112.00000000
   -112.00000000
   -111.00000000
   -111.00000000
   -111.00000000
   -111.00000000
   -110.00000000
   -110.00000000
   -110.00000000
   -109.00000000
   -109.00000000
   -109.00000000
   -108.00000000
   -108.00000000
   -107.00000000
   -107.00000000
   -106.00000000
   -106.00000000
   -105.00000000
   -105.00000000
   -104.00000000
   -104.00000000
   -103.00000000
   -102.00000000
   -102.00000000
   -101.00000000
   -100.00000000
    -99.00000000
    -99.00000000
    -98.00000000
    -97.00000000
    -96.00000000
    -95.00000000
    -95.00000000
    -94.00000000
    -93.00000000
    -92.00000000
    -91.00000000
    -90.00000000
    -89.00000000
    -88.00000000
    -87.00000000
    -86.00000000
    -85.00000000
    -84.00000000
    -82.00000000
    -81.00000000
    -80.00000000
    -79.00000000
    -78.00000000
    -76.00000000
    -75.00000000
    -74.00000000
    -73.00000000
    -71.00000000
    -70.00000000
    -69.00000000
    -67.00000000
    -66.00000000
    -65.00000000
    -63.00000000
    -62.00000000
    -60.00000000
    -59.00000000
    -57.00000000
    -56.00000000
    -54.00000000
    -53.00000000
    -51.00000000
    -49.00000000
    -48.00000000
    -46.00000000
    -45.00000000
    -43.00000000
    -41.00000000
    -40.00000000
    -38.00000000
    -36.00000000
    -35.00000000
    -33.00000000
    -31.00000000
    -29.00000000
    -27.00000000
    -26.00000000
    -24.00000000
    -22.00000000
    -20.00000000
    -18.00000000
    -16.00000000
    -15.00000000
    -13.00000000
    -11.00000000
     -9.00000000
     -7.00000000
     -5.00000000
     -3.00000000
     -1.00000000
      0.00000000
      2.00000000
      4.00000000
      6.00000000
      8.00000000
     10.00000000
     12.00000000
     14.00000000
     16.00000000
     18.00000000
     20.00000000
     22.00000000
     24.00000000
     26.00000000
     28.00000000
     30.00000000
     32.00000000
     34.00000000
     36.00000000
     39.00000000
     41.00000000
     43.00000000
     45.00000000
     47.00000000
     49.00000000
     51.00000000
     53.00000000
     55.00000000
     57.00000000
     60.00000000
     62.00000000
     64.00000000
     66.00000000
     68.00000000
     70.00000000
     72.00000000
     74.00000000
     76.00000000
     78.00000000
     81.00000000
     83.00000000
     85.00000000
     87.00000000
     89.00000000
     91.00000000
     93.00000000
     95.00000000
     97.00000000
     99.00000000
    101.00000000
    103.00000000
    105.00000000
    107.00000000
    109.00000000
    111.00000000
    113.00000000
    115.00000000
    117.00000000
    119.00000000
    121.00000000
    123.00000000
    125.00000000
    127.00000000
    128.00000000
    130.00000000
    132.00000000
    134.00000000
    136.00000000
    138.00000000
    139.00000000
    141.00000000
    143.00000000
    145.00000000
    146.00000000
    148.00000000
    150.00000000
    151.00000000
    153.00000000
    155.00000000
    156.00000000
    158.00000000
    159.00000000
    161.00000000
    163.00000000
    164.00000000
    166.00000000
    167.00000000
    168.00000000
    170.00000000
    171.00000000
    173.00000000
    174.00000000
    175.00000000
    177.00000000
    178.00000000
    179.00000000
    180.00000000
    182.00000000
    183.00000000
    184.00000000
    185.00000000
    186.00000000
    187.00000000
    188.00000000
    189.00000000
    190.00000000
    191.00000000
    192.00000000
    193.00000000
    194.00000000
    195.00000000
    195.00000000
    196.00000000
    197.00000000
    198.00000000
    198.00000000
    199.00000000
    199.00000000
    200.00000000
    201.00000000
    201.00000000
    202.00000000
    202.00000000
    202.00000000
    203.00000000
    203.00000000
    203.00000000
    204.00000000
    204.00000000
    204.00000000
    204.00000000
    204.00000000
    205.00000000
    205.00000000
    205.00000000
    205.00000000
    205.00000000
    205.00000000
    204.00000000
    204.00000000
    204.00000000
    204.00000000
    204.00000000
    203.00000000
    203.00000000
    203.00000000
    202.00000000
    202.00000000
    201.00000000
    201.00000000
    200.00000000
    199.00000000
    199.00000000
    198.00000000
    197.00000000
    197.00000000
    196.00000000
    195.00000000
    194.00000000
    193.00000000
    192.00000000
    191.00000000
    190.00000000
    189.00000000
    188.00000000
    187.00000000
    186.00000000
    184.00000000
    183.00000000
    182.00000000
    180.00000000
    179.00000000
    178.00000000
    176.00000000
    175.00000000
    173.00000000
    172.00000000
    170.00000000
    168.00000000
    167.00000000
    165.00000000
    163.00000000
    161.00000000
    159.00000000
    158.00000000
    156.00000000
    154.00000000
    152.00000000
    150.00000000
    148.00000000
    145.00000000
    143.00000000
    141.00000000
    139.00000000
    137.00000000
    134.00000000
    132.00000000
    130.00000000
    127.00000000
    125.00000000
    122.00000000
    120.00000000
    117.00000000
    115.00000000
    112.00000000
    109.00000000
    107.00000000
    104.00000000
    101.00000000
     99.00000000
     96.00000000
     93.00000000
     90.00000000
     87.00000000
     84.00000000
     81.00000000
     78.00000000
     75.00000000
     72.00000000
     69.00000000
     66.00000000
     63.00000000
     60.00000000
     56.00000000
     53.00000000
     50.00000000
     47.00000000
     43.00000000
     40.00000000
     37.00000000
     33.00000000
     30.00000000
     27.00000000
     23.00000000
     20.00000000
     16.00000000
     13.00000000
      9.00000000
      5.00000000
      2.00000000
     -1.00000000
     -4.00000000
     -8.00000000
    -12.00000000
    -15.00000000
    -19.00000000
    -23.00000000
    -26.00000000
    -30.00000000
    -34.00000000
    -38.00000000
    -42.00000000
    -45.00000000
    -49.00000000
    -53.00000000
    -57.00000000
    -61.00000000
    -65.00000000
    -68.00000000
    -72.00000000
    -76.00000000
    -80.00000000
    -84.00000000
    -88.00000000
    -92.00000000
    -96.00000000
   -100.00000000
   -104.00000000
   -108.00000000
   -112.00000000
   -115.00000000
   -119.00000000
   -123.00000000
   -127.00000000
   -131.00000000
   -135.00000000
   -139.00000000
   -143.00000000
   -147.00000000
   -151.00000000
   -155.00000000
   -159.00000000
   -163.00000000
   -167.00000000
   -171.00000000
   -175.00000000
   -179.00000000
   -182.00000000
   -186.00000000
   -190.00000000
   -194.00000000
   -198.00000000
   -202.00000000
   -206.00000000
   -209.00000000
   -213.00000000
   -217.00000000
   -221.00000000
   -225.00000000
   -228.00000000
   -232.00000000
   -236.00000000
   -239.00000000
   -243.00000000
   -247.00000000
   -250.00000000
   -254.00000000
   -257.00000000
   -261.00000000
   -265.00000000
   -268.00000000
   -272.00000000
   -275.00000000
   -278.00000000
   -282.00000000
   -285.00000000
   -289.00000000
   -292.00000000
   -295.00000000
   -298.00000000
   -302.00000000
   -305.00000000
   -308.00000000
   -311.00000000
   -314.00000000
   -317.00000000
   -320.00000000
   -323.00000000
   -326.00000000
   -329.00000000
   -332.00000000
   -335.00000000
   -337.00000000
   -340.00000000
   -343.00000000
   -345.00000000
   -348.00000000
   -351.00000000
   -353.00000000
   -356.00000000
   -358.00000000
   -360.00000000
   -363.00000000
   -365.00000000
   -367.00000000
   -369.00000000
   -371.00000000
   -374.00000000
   -376.00000000
   -378.00000000
   -379.00000000
   -381.00000000
   -383.00000000
   -385.00000000
   -387.00000000
   -388.00000000
   -390.00000000
   -391.00000000
   -393.00000000
   -394.00000000
   -396.00000000
   -397.00000000
   -398.00000000
   -399.00000000
   -400.00000000
   -401.00000000
   -402.00000000
   -403.00000000
   -404.00000000
   -405.00000000
   -406.00000000
   -406.00000000
   -407.00000000
   -407.00000000
   -408.00000000
   -408.00000000
   -409.00000000
   -409.00000000
   -409.00000000
   -409.00000000
   -409.00000000
   -409.00000000
   -409.00000000
   -409.00000000
   -409.00000000
   -408.00000000
   -408.00000000
   -407.00000000
   -407.00000000
   -406.00000000
   -406.00000000
   -405.00000000
   -404.00000000
   -403.00000000
   -402.00000000
   -401.00000000
   -400.00000000
   -399.00000000
   -397.00000000
   -396.00000000
   -394.00000000
   -393.00000000
   -391.00000000
   -390.00000000
   -388.00000000
   -386.00000000
   -384.00000000
   -382.00000000
   -380.00000000
   -378.00000000
   -375.00000000
   -373.00000000
   -371.00000000
   -368.00000000
   -366.00000000
   -363.00000000
   -360.00000000
   -357.00000000
   -354.00000000
   -351.00000000
   -348.00000000
   -345.00000000
   -342.00000000
   -339.00000000
   -335.00000000
   -332.00000000
   -328.00000000
   -324.00000000
   -321.00000000
   -317.00000000
   -313.00000000
   -309.00000000
   -305.00000000
   -301.00000000
   -296.00000000
   -292.00000000
   -288.00000000
   -283.00000000
   -278.00000000
   -274.00000000
   -269.00000000
   -264.00000000
   -259.00000000
   -254.00000000
   -249.00000000
   -244.00000000
   -239.00000000
   -233.00000000
   -228.00000000
   -222.00000000
   -217.00000000
   -211.00000000
   -205.00000000
   -199.00000000
   -193.00000000
   -187.00000000
   -181.00000000
   -175.00000000
   -169.00000000
   -162.00000000
   -156.00000000
   -150.00000000
   -143.00000000
   -136.00000000
   -130.00000000
   -123.00000000
   -116.00000000
   -109.00000000
   -102.00000000
    -95.00000000
    -87.00000000
    -80.00000000
    -73.00000000
    -65.00000000
    -58.00000000
    -50.00000000
    -42.00000000
    -35.00000000
    -27.00000000
    -19.00000000
    -11.00000000
     -3.00000000
      4.00000000
     12.00000000
     21.00000000
     29.00000000
     37.00000000
     46.00000000
     54.00000000
     63.00000000
     72.00000000
     80.00000000
     89.00000000
     98.00000000
    107.00000000
    116.00000000
    125.00000000
    134.00000000
    144.00000000
    153.00000000
    162.00000000
    172.00000000
    181.00000000
    191.00000000
    200.00000000
    210.00000000
    219.00000000
    229.00000000
    239.00000000
    249.00000000
    259.00000000
    269.00000000
    279.00000000
    289.00000000
    299.00000000
    309.00000000
    319.00000000
    330.00000000
    340.00000000
    350.00000000
    361.00000000
    371.00000000
    382.00000000
    392.00000000
    403.00000000
    413.00000000
    424.00000000
    435.00000000
    446.00000000
    456.00000000
    467.00000000
    478.00000000
    489.00000000
    500.00000000
    511.00000000
    522.00000000
    533.00000000
    544.00000000
    555.00000000
    566.00000000
    578.00000000
    589.00000000
    600.00000000
    611.00000000
    623.00000000
    634.00000000
    645.00000000
    656.00000000
    668.00000000
    679.00000000
    691.00000000
    702.00000000
    713.00000000
    725.00000000
    736.00000000
    748.00000000
    759.00000000
    771.00000000
    782.00000000
    794.00000000
    805.00000000
    817.00000000
    829.00000000
    840.00000000
    852.00000000
    863.00000000
    875.00000000
    886.00000000
    898.00000000
    909.00000000
    921.00000000
    933.00000000
    944.00000000
    956.00000000
    967.00000000
    979.00000000
    990.00000000
   1002.00000000
   1013.00000000
   1025.00000000
   1036.00000000
   1048.00000000
   1059.00000000
   1071.00000000
   1082.00000000
   1093.00000000
   1105.00000000
   1116.00000000
   1127.00000000
   1139.00000000
   1150.00000000
   1161.00000000
   1172.00000000
   1184.00000000
   1195.00000000
   1206.00000000
   1217.00000000
   1228.00000000
   1239.00000000
   1250.00000000
   1261.00000000
   1272.00000000
   1283.00000000
   1294.00000000
   1305.00000000
   1315.00000000
   1326.00000000
   1337.00000000
   1348.00000000
   1358.00000000
   1369.00000000
   1379.00000000
   1390.00000000
   1400.00000000
   1410.00000000
   1421.00000000
   1431.00000000
   1441.00000000
   1451.00000000
   1461.00000000
   1472.00000000
   1482.00000000
   1491.00000000
   1501.00000000
   1511.00000000
   1521.00000000
   1531.00000000
   1540.00000000
   1550.00000000
   1559.00000000
   1569.00000000
   1578.00000000
   1587.00000000
   1597.00000000
   1606.00000000
   1615.00000000
   1624.00000000
   1633.00000000
   1642.00000000
   1650.00000000
   1659.00000000
   1668.00000000
   1676.00000000
   1685.00000000
   1693.00000000
   1701.00000000
   1710.00000000
   1718.00000000
   1726.00000000
   1734.00000000
   1742.00000000
   1750.00000000
   1757.00000000
   1765.00000000
   1773.00000000
   1780.00000000
   1787.00000000
   1795.00000000
   1802.00000000
   1809.00000000
   1816.00000000
   1823.00000000
   1830.00000000
   1837.00000000
   1843.00000000
   1850.00000000
   1856.00000000
   1863.00000000
   1869.00000000
   1875.00000000
   1881.00000000
   1887.00000000
   1893.00000000
   1899.00000000
   1904.00000000
   1910.00000000
   1915.00000000
   1921.00000000
   1926.00000000
   1931.00000000
   1936.00000000
   1941.00000000
   1946.00000000
   1950.00000000
   1955.00000000
   1960.00000000
   1964.00000000
   1968.00000000
   1972.00000000
   1976.00000000
   1980.00000000
   1984.00000000
   1988.00000000
   1992.00000000
   1995.00000000
   1999.00000000
   2002.00000000
   2005.00000000
   2008.00000000
   2011.00000000
   2014.00000000
   2017.00000000
   2019.00000000
   2022.00000000
   2024.00000000
   2026.00000000
   2029.00000000
   2031.00000000
   2033.00000000
   2034.00000000
   2036.00000000
   2038.00000000
   2039.00000000
   2040.00000000
   2042.00000000
   2043.00000000
   2044.00000000
   2045.00000000
   2045.00000000
   2046.00000000
   2047.00000000
   2047.00000000
   2047.00000000
   2047.00000000
   2048.00000000
   2047.00000000
   2047.00000000
   2047.00000000
   2047.00000000
   2046.00000000
   2045.00000000
   2045.00000000
   2044.00000000
   2043.00000000
   2042.00000000
   2040.00000000
   2039.00000000
   2038.00000000
   2036.00000000
   2034.00000000
   2033.00000000
   2031.00000000
   2029.00000000
   2026.00000000
   2024.00000000
   2022.00000000
   2019.00000000
   2017.00000000
   2014.00000000
   2011.00000000
   2008.00000000
   2005.00000000
   2002.00000000
   1999.00000000
   1995.00000000
   1992.00000000
   1988.00000000
   1984.00000000
   1980.00000000
   1976.00000000
   1972.00000000
   1968.00000000
   1964.00000000
   1960.00000000
   1955.00000000
   1950.00000000
   1946.00000000
   1941.00000000
   1936.00000000
   1931.00000000
   1926.00000000
   1921.00000000
   1915.00000000
   1910.00000000
   1904.00000000
   1899.00000000
   1893.00000000
   1887.00000000
   1881.00000000
   1875.00000000
   1869.00000000
   1863.00000000
   1856.00000000
   1850.00000000
   1843.00000000
   1837.00000000
   1830.00000000
   1823.00000000
   1816.00000000
   1809.00000000
   1802.00000000
   1795.00000000
   1787.00000000
   1780.00000000
   1773.00000000
   1765.00000000
   1757.00000000
   1750.00000000
   1742.00000000
   1734.00000000
   1726.00000000
   1718.00000000
   1710.00000000
   1701.00000000
   1693.00000000
   1685.00000000
   1676.00000000
   1668.00000000
   1659.00000000
   1650.00000000
   1642.00000000
   1633.00000000
   1624.00000000
   1615.00000000
   1606.00000000
   1597.00000000
   1587.00000000
   1578.00000000
   1569.00000000
   1559.00000000
   1550.00000000
   1540.00000000
   1531.00000000
   1521.00000000
   1511.00000000
   1501.00000000
   1491.00000000
   1482.00000000
   1472.00000000
   1461.00000000
   1451.00000000
   1441.00000000
   1431.00000000
   1421.00000000
   1410.00000000
   1400.00000000
   1390.00000000
   1379.00000000
   1369.00000000
   1358.00000000
   1348.00000000
   1337.00000000
   1326.00000000
   1315.00000000
   1305.00000000
   1294.00000000
   1283.00000000
   1272.00000000
   1261.00000000
   1250.00000000
   1239.00000000
   1228.00000000
   1217.00000000
   1206.00000000
   1195.00000000
   1184.00000000
   1172.00000000
   1161.00000000
   1150.00000000
   1139.00000000
   1127.00000000
   1116.00000000
   1105.00000000
   1093.00000000
   1082.00000000
   1071.00000000
   1059.00000000
   1048.00000000
   1036.00000000
   1025.00000000
   1013.00000000
   1002.00000000
    990.00000000
    979.00000000
    967.00000000
    956.00000000
    944.00000000
    933.00000000
    921.00000000
    909.00000000
    898.00000000
    886.00000000
    875.00000000
    863.00000000
    852.00000000
    840.00000000
    829.00000000
    817.00000000
    805.00000000
    794.00000000
    782.00000000
    771.00000000
    759.00000000
    748.00000000
    736.00000000
    725.00000000
    713.00000000
    702.00000000
    691.00000000
    679.00000000
    668.00000000
    656.00000000
    645.00000000
    634.00000000
    623.00000000
    611.00000000
    600.00000000
    589.00000000
    578.00000000
    566.00000000
    555.00000000
    544.00000000
    533.00000000
    522.00000000
    511.00000000
    500.00000000
    489.00000000
    478.00000000
    467.00000000
    456.00000000
    446.00000000
    435.00000000
    424.00000000
    413.00000000
    403.00000000
    392.00000000
    382.00000000
    371.00000000
    361.00000000
    350.00000000
    340.00000000
    330.00000000
    319.00000000
    309.00000000
    299.00000000
    289.00000000
    279.00000000
    269.00000000
    259.00000000
    249.00000000
    239.00000000
    229.00000000
    219.00000000
    210.00000000
    200.00000000
    191.00000000
    181.00000000
    172.00000000
    162.00000000
    153.00000000
    144.00000000
    134.00000000
    125.00000000
    116.00000000
    107.00000000
     98.00000000
     89.00000000
     80.00000000
     72.00000000
     63.00000000
     54.00000000
     46.00000000
     37.00000000
     29.00000000
     21.00000000
     12.00000000
      4.00000000
     -3.00000000
    -11.00000000
    -19.00000000
    -27.00000000
    -35.00000000
    -42.00000000
    -50.00000000
    -58.00000000
    -65.00000000
    -73.00000000
    -80.00000000
    -87.00000000
    -95.00000000
   -102.00000000
   -109.00000000
   -116.00000000
   -123.00000000
   -130.00000000
   -136.00000000
   -143.00000000
   -150.00000000
   -156.00000000
   -162.00000000
   -169.00000000
   -175.00000000
   -181.00000000
   -187.00000000
   -193.00000000
   -199.00000000
   -205.00000000
   -211.00000000
   -217.00000000
   -222.00000000
   -228.00000000
   -233.00000000
   -239.00000000
   -244.00000000
   -249.00000000
   -254.00000000
   -259.00000000
   -264.00000000
   -269.00000000
   -274.00000000
   -278.00000000
   -283.00000000
   -288.00000000
   -292.00000000
   -296.00000000
   -301.00000000
   -305.00000000
   -309.00000000
   -313.00000000
   -317.00000000
   -321.00000000
   -324.00000000
   -328.00000000
   -332.00000000
   -335.00000000
   -339.00000000
   -342.00000000
   -345.00000000
   -348.00000000
   -351.00000000
   -354.00000000
   -357.00000000
   -360.00000000
   -363.00000000
   -366.00000000
   -368.00000000
   -371.00000000
   -373.00000000
   -375.00000000
   -378.00000000
   -380.00000000
   -382.00000000
   -384.00000000
   -386.00000000
   -388.00000000
   -390.00000000
   -391.00000000
   -393.00000000
   -394.00000000
   -396.00000000
   -397.00000000
   -399.00000000
   -400.00000000
   -401.00000000
   -402.00000000
   -403.00000000
   -404.00000000
   -405.00000000
   -406.00000000
   -406.00000000
   -407.00000000
   -407.00000000
   -408.00000000
   -408.00000000
   -409.00000000
   -409.00000000
   -409.00000000
   -409.00000000
   -409.00000000
   -409.00000000
   -409.00000000
   -409.00000000
   -409.00000000
   -408.00000000
   -408.00000000
   -407.00000000
   -407.00000000
   -406.00000000
   -406.00000000
   -405.00000000
   -404.00000000
   -403.00000000
   -402.00000000
   -401.00000000
   -400.00000000
   -399.00000000
   -398.00000000
   -397.00000000
   -396.00000000
   -394.00000000
   -393.00000000
   -391.00000000
   -390.00000000
   -388.00000000
   -387.00000000
   -385.00000000
   -383.00000000
   -381.00000000
   -379.00000000
   -378.00000000
   -376.00000000
   -374.00000000
   -371.00000000
   -369.00000000
   -367.00000000
   -365.00000000
   -363.00000000
   -360.00000000
   -358.00000000
   -356.00000000
   -353.00000000
   -351.00000000
   -348.00000000
   -345.00000000
   -343.00000000
   -340.00000000
   -337.00000000
   -335.00000000
   -332.00000000
   -329.00000000
   -326.00000000
   -323.00000000
   -320.00000000
   -317.00000000
   -314.00000000
   -311.00000000
   -308.00000000
   -305.00000000
   -302.00000000
   -298.00000000
   -295.00000000
   -292.00000000
   -289.00000000
   -285.00000000
   -282.00000000
   -278.00000000
   -275.00000000
   -272.00000000
   -268.00000000
   -265.00000000
   -261.00000000
   -257.00000000
   -254.00000000
   -250.00000000
   -247.00000000
   -243.00000000
   -239.00000000
   -236.00000000
   -232.00000000
   -228.00000000
   -225.00000000
   -221.00000000
   -217.00000000
   -213.00000000
   -209.00000000
   -206.00000000
   -202.00000000
   -198.00000000
   -194.00000000
   -190.00000000
   -186.00000000
   -182.00000000
   -179.00000000
   -175.00000000
   -171.00000000
   -167.00000000
   -163.00000000
   -159.00000000
   -155.00000000
   -151.00000000
   -147.00000000
   -143.00000000
   -139.00000000
   -135.00000000
   -131.00000000
   -127.00000000
   -123.00000000
   -119.00000000
   -115.00000000
   -112.00000000
   -108.00000000
   -104.00000000
   -100.00000000
    -96.00000000
    -92.00000000
    -88.00000000
    -84.00000000
    -80.00000000
    -76.00000000
    -72.00000000
    -68.00000000
    -65.00000000
    -61.00000000
    -57.00000000
    -53.00000000
    -49.00000000
    -45.00000000
    -42.00000000
    -38.00000000
    -34.00000000
    -30.00000000
    -26.00000000
    -23.00000000
    -19.00000000
    -15.00000000
    -12.00000000
     -8.00000000
     -4.00000000
     -1.00000000
      2.00000000
      5.00000000
      9.00000000
     13.00000000
     16.00000000
     20.00000000
     23.00000000
     27.00000000
     30.00000000
     33.00000000
     37.00000000
     40.00000000
     43.00000000
     47.00000000
     50.00000000
     53.00000000
     56.00000000
     60.00000000
     63.00000000
     66.00000000
     69.00000000
     72.00000000
     75.00000000
     78.00000000
     81.00000000
     84.00000000
     87.00000000
     90.00000000
     93.00000000
     96.00000000
     99.00000000
    101.00000000
    104.00000000
    107.00000000
    109.00000000
    112.00000000
    115.00000000
    117.00000000
    120.00000000
    122.00000000
    125.00000000
    127.00000000
    130.00000000
    132.00000000
    134.00000000
    137.00000000
    139.00000000
    141.00000000
    143.00000000
    145.00000000
    148.00000000
    150.00000000
    152.00000000
    154.00000000
    156.00000000
    158.00000000
    159.00000000
    161.00000000
    163.00000000
    165.00000000
    167.00000000
    168.00000000
    170.00000000
    172.00000000
    173.00000000
    175.00000000
    176.00000000
    178.00000000
    179.00000000
    180.00000000
    182.00000000
    183.00000000
    184.00000000
    186.00000000
    187.00000000
    188.00000000
    189.00000000
    190.00000000
    191.00000000
    192.00000000
    193.00000000
    194.00000000
    195.00000000
    196.00000000
    197.00000000
    197.00000000
    198.00000000
    199.00000000
    199.00000000
    200.00000000
    201.00000000
    201.00000000
    202.00000000
    202.00000000
    203.00000000
    203.00000000
    203.00000000
    204.00000000
    204.00000000
    204.00000000
    204.00000000
    204.00000000
    205.00000000
    205.00000000
    205.00000000
    205.00000000
    205.00000000
    205.00000000
    204.00000000
    204.00000000
    204.00000000
    204.00000000
    204.00000000
    203.00000000
    203.00000000
    203.00000000
    202.00000000
    202.00000000
    202.00000000
    201.00000000
    201.00000000
    200.00000000
    199.00000000
    199.00000000
    198.00000000
    198.00000000
    197.00000000
    196.00000000
    195.00000000
    195.00000000
    194.00000000
    193.00000000
    192.00000000
    191.00000000
    190.00000000
    189.00000000
    188.00000000
    187.00000000
    186.00000000
    185.00000000
    184.00000000
    183.00000000
    182.00000000
    180.00000000
    179.00000000
    178.00000000
    177.00000000
    175.00000000
    174.00000000
    173.00000000
    171.00000000
    170.00000000
    168.00000000
    167.00000000
    166.00000000
    164.00000000
    163.00000000
    161.00000000
    159.00000000
    158.00000000
    156.00000000
    155.00000000
    153.00000000
    151.00000000
    150.00000000
    148.00000000
    146.00000000
    145.00000000
    143.00000000
    141.00000000
    139.00000000
    138.00000000
    136.00000000
    134.00000000
    132.00000000
    130.00000000
    128.00000000
    127.00000000
    125.00000000
    123.00000000
    121.00000000
    119.00000000
    117.00000000
    115.00000000
    113.00000000
    111.00000000
    109.00000000
    107.00000000
    105.00000000
    103.00000000
    101.00000000
     99.00000000
     97.00000000
     95.00000000
     93.00000000
     91.00000000
     89.00000000
     87.00000000
     85.00000000
     83.00000000
     81.00000000
     78.00000000
     76.00000000
     74.00000000
     72.00000000
     70.00000000
     68.00000000
     66.00000000
     64.00000000
     62.00000000
     60.00000000
     57.00000000
     55.00000000
     53.00000000
     51.00000000
     49.00000000
     47.00000000
     45.00000000
     43.00000000
     41.00000000
     39.00000000
     36.00000000
     34.00000000
     32.00000000
     30.00000000
     28.00000000
     26.00000000
     24.00000000
     22.00000000
     20.00000000
     18.00000000
     16.00000000
     14.00000000
     12.00000000
     10.00000000
      8.00000000
      6.00000000
      4.00000000
      2.00000000
      0.00000000
     -1.00000000
     -3.00000000
     -5.00000000
     -7.00000000
     -9.00000000
    -11.00000000
    -13.00000000
    -15.00000000
    -16.00000000
    -18.00000000
    -20.00000000
    -22.00000000
    -24.00000000
    -26.00000000
    -27.00000000
    -29.00000000
    -31.00000000
    -33.00000000
    -35.00000000
    -36.00000000
    -38.00000000
    -40.00000000
    -41.00000000
    -43.00000000
    -45.00000000
    -46.00000000
    -48.00000000
    -49.00000000
    -51.00000000
    -53.00000000
    -54.00000000
    -56.00000000
    -57.00000000
    -59.00000000
    -60.00000000
    -62.00000000
    -63.00000000
    -65.00000000
    -66.00000000
    -67.00000000
    -69.00000000
    -70.00000000
    -71.00000000
    -73.00000000
    -74.00000000
    -75.00000000
    -76.00000000
    -78.00000000
    -79.00000000
    -80.00000000
    -81.00000000
    -82.00000000
    -84.00000000
    -85.00000000
    -86.00000000
    -87.00000000
    -88.00000000
    -89.00000000
    -90.00000000
    -91.00000000
    -92.00000000
    -93.00000000
    -94.00000000
    -95.00000000
    -95.00000000
    -96.00000000
    -97.00000000
    -98.00000000
    -99.00000000
    -99.00000000
   -100.00000000
   -101.00000000
   -102.00000000
   -102.00000000
   -103.00000000
   -104.00000000
   -104.00000000
   -105.00000000
   -105.00000000
   -106.00000000
   -106.00000000
   -107.00000000
   -107.00000000
   -108.00000000
   -108.00000000
   -109.00000000
   -109.00000000
   -109.00000000
   -110.00000000
   -110.00000000
   -110.00000000
   -111.00000000
   -111.00000000
   -111.00000000
   -111.00000000
   -112.00000000
   -112.00000000
   -112.00000000
   -112.00000000
   -112.00000000
   -112.00000000
   -112.00000000
   -112.00000000
   -112.00000000
   -112.00000000
   -112.00000000
   -112.00000000
   -112.00000000
   -112.00000000
   -112.00000000
   -112.00000000
   -112.00000000
   -112.00000000
   -112.00000000
   -111.00000000
   -111.00000000
   -111.00000000
   -111.00000000
   -110.00000000
   -110.00000000
   -110.00000000
   -109.00000000
   -109.00000000
   -109.00000000
   -108.00000000
   -108.00000000
   -107.00000000
   -107.00000000
   -107.00000000
   -106.00000000
   -106.00000000
   -105.00000000
   -105.00000000
   -104.00000000
   -103.00000000
   -103.00000000
   -102.00000000
   -102.00000000
   -101.00000000
   -100.00000000
   -100.00000000
    -99.00000000
    -98.00000000
    -98.00000000
    -97.00000000
    -96.00000000
    -96.00000000
    -95.00000000
    -94.00000000
    -93.00000000
    -92.00000000
    -92.00000000
    -91.00000000
    -90.00000000
    -89.00000000
    -88.00000000
    -87.00000000
    -86.00000000
    -86.00000000
    -85.00000000
    -84.00000000
    -83.00000000
    -82.00000000
    -81.00000000
    -80.00000000
    -79.00000000
    -78.00000000
    -77.00000000
    -76.00000000
    -75.00000000
    -74.00000000
    -73.00000000
    -72.00000000
    -71.00000000
    -70.00000000
    -69.00000000
    -68.00000000
    -67.00000000
    -66.00000000
    -64.00000000
    -63.00000000
    -62.00000000
    -61.00000000
    -60.00000000
    -59.00000000
    -58.00000000
    -57.00000000
    -55.00000000
    -54.00000000
    -53.00000000
    -52.00000000
    -51.00000000
    -50.00000000
    -49.00000000
    -47.00000000
    -46.00000000
    -45.00000000
    -44.00000000
    -43.00000000
    -42.00000000
    -40.00000000
    -39.00000000
    -38.00000000
    -37.00000000
    -36.00000000
    -34.00000000
    -33.00000000
    -32.00000000
    -31.00000000
    -30.00000000
    -28.00000000
    -27.00000000
    -26.00000000
    -25.00000000
    -24.00000000
    -23.00000000
    -21.00000000
    -20.00000000
    -19.00000000
    -18.00000000
    -17.00000000
    -16.00000000
    -14.00000000
    -13.00000000
    -12.00000000
    -11.00000000
    -10.00000000
     -9.00000000
     -7.00000000
     -6.00000000
     -5.00000000
     -4.00000000
     -3.00000000
     -2.00000000
     -1.00000000
      0.00000000
      1.00000000
      2.00000000
      3.00000000
      4.00000000
      5.00000000
      6.00000000
      7.00000000
      8.00000000
      9.00000000
     10.00000000
     11.00000000
     12.00000000
     13.00000000
     14.00000000
     15.00000000
     16.00000000
     17.00000000
     18.00000000
     19.00000000
     20.00000000
     21.00000000
     22.00000000
     23.00000000
     24.00000000
     25.00000000
     26.00000000
     27.00000000
     28.00000000
     29.00000000
     29.00000000
     30.00000000
     31.00000000
     32.00000000
     33.00000000
     34.00000000
     34.00000000
     35.00000000
     36.00000000
     37.00000000
     38.00000000
     38.00000000
     39.00000000
     40.00000000
     41.00000000
     41.00000000
     42.00000000
     43.00000000
     43.00000000
     44.00000000
     45.00000000
     45.00000000
     46.00000000
     46.00000000
     47.00000000
     48.00000000
     48.00000000
     49.00000000
     49.00000000
     50.00000000
     50.00000000
     51.00000000
     51.00000000
     52.00000000
     52.00000000
