     7
   -36
   119
  -332
  1269
  1269
  -332
   119
   -36
     7
   -37
   120
  -334
  1290
  1248
  -329
   118
   -36
     7
   -37
   121
  -337
  1311
  1226
  -326
   117
   -35
     7
   -37
   122
  -339
  1332
  1205
  -323
   116
   -35
     7
   -38
   123
  -341
  1352
  1183
  -320
   115
   -35
     7
   -38
   123
  -343
  1373
  1161
  -316
   113
   -34
     8
   -38
   124
  -345
  1393
  1139
  -312
   112
   -34
     8
   -38
   124
  -346
  1413
  1117
  -309
   111
   -33
     8
   -39
   125
  -347
  1433
  1096
  -305
   109
   -33
     8
   -39
   125
  -348
  1452
  1074
  -301
   108
   -32
     8
   -39
   126
  -349
  1472
  1051
  -296
   106
   -31
     8
   -39
   126
  -350
  1491
  1029
  -292
   105
   -31
     8
   -39
   126
  -350
  1510
  1007
  -288
   103
   -30
     8
   -39
   126
  -350
  1529
   985
  -283
   101
   -30
     8
   -39
   126
  -350
  1548
   963
  -278
   100
   -29
     8
   -39
   126
  -350
  1566
   941
  -274
    98
   -29
     8
   -39
   126
  -349
  1584
   918
  -269
    96
   -28
     8
   -39
   125
  -348
  1602
   896
  -264
    94
   -27
     8
   -39
   125
  -347
  1620
   874
  -259
    92
   -27
     8
   -39
   124
  -346
  1637
   852
  -253
    90
   -26
     8
   -39
   124
  -344
  1654
   830
  -248
    88
   -26
     8
   -39
   123
  -342
  1671
   808
  -243
    86
   -25
     8
   -39
   122
  -340
  1687
   786
  -237
    84
   -24
     8
   -39
   121
  -338
  1703
   764
  -232
    82
   -24
     8
   -38
   120
  -335
  1719
   742
  -226
    80
   -23
     8
   -38
   119
  -332
  1735
   720
  -221
    78
   -22
     8
   -38
   118
  -329
  1750
   698
  -215
    76
   -22
     8
   -38
   117
  -326
  1765
   677
  -209
    74
   -21
     8
   -37
   115
  -322
  1780
   655
  -203
    72
   -20
     8
   -37
   114
  -318
  1794
   634
  -198
    70
   -20
     8
   -36
   112
  -314
  1808
   612
  -192
    68
   -19
     8
   -36
   111
  -309
  1821
   591
  -186
    66
   -18
     8
   -35
   109
  -304
  1834
   570
  -180
    64
   -18
     8
   -35
   107
  -299
  1847
   549
  -174
    61
   -17
     8
   -34
   105
  -294
  1860
   528
  -168
    59
   -16
     8
   -34
   103
  -288
  1872
   507
  -162
    57
   -16
     7
   -33
   101
  -282
  1884
   487
  -156
    55
   -15
     7
   -32
    98
  -276
  1895
   466
  -150
    53
   -15
     7
   -31
    96
  -269
  1906
   446
  -144
    51
   -14
     7
   -31
    93
  -262
  1917
   426
  -138
    48
   -13
     7
   -30
    91
  -255
  1927
   406
  -132
    46
   -13
     7
   -29
    88
  -248
  1937
   386
  -126
    44
   -12
     7
   -28
    85
  -240
  1946
   366
  -120
    42
   -11
     6
   -27
    82
  -232
  1955
   347
  -114
    40
   -11
     6
   -26
    79
  -223
  1964
   328
  -108
    38
   -10
     6
   -25
    76
  -215
  1972
   309
  -102
    36
   -10
     6
   -24
    73
  -206
  1980
   290
   -96
    33
    -9
     5
   -23
    69
  -196
  1987
   272
   -90
    31
    -8
     5
   -22
    66
  -187
  1994
   253
   -84
    29
    -8
     5
   -21
    62
  -177
  2001
   235
   -78
    27
    -7
     5
   -20
    59
  -167
  2007
   217
   -73
    25
    -7
     4
   -18
    55
  -156
  2013
   200
   -67
    23
    -6
     4
   -17
    51
  -145
  2018
   182
   -61
    21
    -6
     4
   -16
    47
  -134
  2023
   165
   -56
    19
    -5
     4
   -14
    43
  -123
  2027
   148
   -50
    17
    -5
     3
   -13
    39
  -111
  2031
   131
   -44
    15
    -4
     3
   -12
    35
   -99
  2035
   115
   -39
    13
    -3
     3
   -10
    30
   -87
  2038
    99
   -34
    12
    -3
     2
    -9
    26
   -74
  2040
    83
   -28
    10
    -3
     2
    -7
    21
   -61
  2043
    67
   -23
     8
    -2
     1
    -6
    17
   -48
  2044
    52
   -18
     6
    -2
     1
    -4
    12
   -35
  2046
    37
   -13
     4
    -1
     1
    -2
     7
   -21
  2047
    22
    -7
     3
    -1
     0
    -1
     2
    -7
  2047
     7
    -2
     1
     0
     0
     1
    -2
     7
  2047
    -7
     2
    -1
     0
    -1
     3
    -7
    22
  2047
   -21
     7
    -2
     1
    -1
     4
   -13
    37
  2046
   -35
    12
    -4
     1
    -2
     6
   -18
    52
  2044
   -48
    17
    -6
     1
    -2
     8
   -23
    67
  2043
   -61
    21
    -7
     2
    -3
    10
   -28
    83
  2040
   -74
    26
    -9
     2
    -3
    12
   -34
    99
  2038
   -87
    30
   -10
     3
    -3
    13
   -39
   115
  2035
   -99
    35
   -12
     3
    -4
    15
   -44
   131
  2031
  -111
    39
   -13
     3
    -5
    17
   -50
   148
  2027
  -123
    43
   -14
     4
    -5
    19
   -56
   165
  2023
  -134
    47
   -16
     4
    -6
    21
   -61
   182
  2018
  -145
    51
   -17
     4
    -6
    23
   -67
   200
  2013
  -156
    55
   -18
     4
    -7
    25
   -73
   217
  2007
  -167
    59
   -20
     5
    -7
    27
   -78
   235
  2001
  -177
    62
   -21
     5
    -8
    29
   -84
   253
  1994
  -187
    66
   -22
     5
    -8
    31
   -90
   272
  1987
  -196
    69
   -23
     5
    -9
    33
   -96
   290
  1980
  -206
    73
   -24
     6
   -10
    36
  -102
   309
  1972
  -215
    76
   -25
     6
   -10
    38
  -108
   328
  1964
  -223
    79
   -26
     6
   -11
    40
  -114
   347
  1955
  -232
    82
   -27
     6
   -11
    42
  -120
   366
  1946
  -240
    85
   -28
     7
   -12
    44
  -126
   386
  1937
  -248
    88
   -29
     7
   -13
    46
  -132
   406
  1927
  -255
    91
   -30
     7
   -13
    48
  -138
   426
  1917
  -262
    93
   -31
     7
   -14
    51
  -144
   446
  1906
  -269
    96
   -31
     7
   -15
    53
  -150
   466
  1895
  -276
    98
   -32
     7
   -15
    55
  -156
   487
  1884
  -282
   101
   -33
     7
   -16
    57
  -162
   507
  1872
  -288
   103
   -34
     8
   -16
    59
  -168
   528
  1860
  -294
   105
   -34
     8
   -17
    61
  -174
   549
  1847
  -299
   107
   -35
     8
   -18
    64
  -180
   570
  1834
  -304
   109
   -35
     8
   -18
    66
  -186
   591
  1821
  -309
   111
   -36
     8
   -19
    68
  -192
   612
  1808
  -314
   112
   -36
     8
   -20
    70
  -198
   634
  1794
  -318
   114
   -37
     8
   -20
    72
  -203
   655
  1780
  -322
   115
   -37
     8
   -21
    74
  -209
   677
  1765
  -326
   117
   -38
     8
   -22
    76
  -215
   698
  1750
  -329
   118
   -38
     8
   -22
    78
  -221
   720
  1735
  -332
   119
   -38
     8
   -23
    80
  -226
   742
  1719
  -335
   120
   -38
     8
   -24
    82
  -232
   764
  1703
  -338
   121
   -39
     8
   -24
    84
  -237
   786
  1687
  -340
   122
   -39
     8
   -25
    86
  -243
   808
  1671
  -342
   123
   -39
     8
   -26
    88
  -248
   830
  1654
  -344
   124
   -39
     8
   -26
    90
  -253
   852
  1637
  -346
   124
   -39
     8
   -27
    92
  -259
   874
  1620
  -347
   125
   -39
     8
   -27
    94
  -264
   896
  1602
  -348
   125
   -39
     8
   -28
    96
  -269
   918
  1584
  -349
   126
   -39
     8
   -29
    98
  -274
   941
  1566
  -350
   126
   -39
     8
   -29
   100
  -278
   963
  1548
  -350
   126
   -39
     8
   -30
   101
  -283
   985
  1529
  -350
   126
   -39
     8
   -30
   103
  -288
  1007
  1510
  -350
   126
   -39
     8
   -31
   105
  -292
  1029
  1491
  -350
   126
   -39
     8
   -31
   106
  -296
  1051
  1472
  -349
   126
   -39
     8
   -32
   108
  -301
  1074
  1452
  -348
   125
   -39
     8
   -33
   109
  -305
  1096
  1433
  -347
   125
   -39
     8
   -33
   111
  -309
  1117
  1413
  -346
   124
   -38
     8
   -34
   112
  -312
  1139
  1393
  -345
   124
   -38
     8
   -34
   113
  -316
  1161
  1373
  -343
   123
   -38
     7
   -35
   115
  -320
  1183
  1352
  -341
   123
   -38
     7
   -35
   116
  -323
  1205
  1332
  -339
   122
   -37
     7
   -35
   117
  -326
  1226
  1311
  -337
   121
   -37
     7
   -36
   118
  -329
  1248
  1290
  -334
   120
   -37
     7
   -36
   119
  -332
  1269
  1269
  -332
   119
   -36
     7